file: work_dirs/CULane/20221115_023311_lr_3e-02_b_5/txt/out1_crowd.txt
tp: 20161 fp: 5869 fn: 7842
precision: 0.774529
recall: 0.719959
Fmeasure: 0.746248

