file: work_dirs/CULane/20221115_023311_lr_3e-02_b_5/txt/out2_hlight.txt
tp: 1091 fp: 487 fn: 594
precision: 0.691381
recall: 0.647478
Fmeasure: 0.66871

