file: work_dirs/CULane/20221115_023311_lr_3e-02_b_5/txt/out3_shadow.txt
tp: 2120 fp: 640 fn: 756
precision: 0.768116
recall: 0.737135
Fmeasure: 0.752307

