file: work_dirs/CULane/20221115_023311_lr_3e-02_b_5/txt/out4_noline.txt
tp: 6084 fp: 4938 fn: 7937
precision: 0.551987
recall: 0.433921
Fmeasure: 0.485884

