file: work_dirs/CULane/20221115_023311_lr_3e-02_b_5/txt/out5_arrow.txt
tp: 2773 fp: 276 fn: 409
precision: 0.909479
recall: 0.871464
Fmeasure: 0.890066

