file: work_dirs/CULane/20221115_023311_lr_3e-02_b_5/txt/out6_curve.txt
tp: 842 fp: 215 fn: 470
precision: 0.796594
recall: 0.641768
Fmeasure: 0.710848

