file: work_dirs/CULane/20221115_023311_lr_3e-02_b_5/txt/out8_night.txt
tp: 14046 fp: 4952 fn: 6984
precision: 0.739341
recall: 0.667903
Fmeasure: 0.701809

